eBits: 2004799.011328702
Total time elapsed: 10800.0 [s]
eBits/s: 185.62953808599093