eBits: 1.674324325355874E7
Total time elapsed: 10800.0 [s]
eBits/s: 1550.3003012554389