eBits: 2.152146706388115E7
Total time elapsed: 10800.0 [s]
eBits/s: 1992.7284318408474