eBits: 1.921402809347391E7
Total time elapsed: 10800.0 [s]
eBits/s: 1779.0766753216585