eBits: 1.2992331522708494E7
Total time elapsed: 10800.0 [s]
eBits/s: 1202.9936595100457