eBits: 1.0681034235905876E7
Total time elapsed: 10800.0 [s]
eBits/s: 988.9846514727664