eBits: 1237095.5909094773
Total time elapsed: 10800.0 [s]
eBits/s: 114.54588804717383