eBits: 4690731.172226382
Total time elapsed: 10800.0 [s]
eBits/s: 434.3269603913317