eBits: 1.0616542047839496E7
Total time elapsed: 10800.0 [s]
eBits/s: 983.0131525777311