eBits: 1.3999381205845002E7
Total time elapsed: 10800.0 [s]
eBits/s: 1296.239000541204