eBits: 1.6363833148455907E7
Total time elapsed: 10800.0 [s]
eBits/s: 1515.1697359681395