eBits: 1.0039904740531277E7
Total time elapsed: 10800.0 [s]
eBits/s: 929.6208093084516