eBits: 1.1805161545762759E7
Total time elapsed: 10800.0 [s]
eBits/s: 1093.0705134965517