eBits: 1.7971760098023683E7
Total time elapsed: 10800.0 [s]
eBits/s: 1664.0518609281187