eBits: 1.16597561082788E7
Total time elapsed: 10800.0 [s]
eBits/s: 1079.6070470628517