eBits: 1.3992850578219833E7
Total time elapsed: 10800.0 [s]
eBits/s: 1295.6343127981327