eBits: 1.1633653996364439E7
Total time elapsed: 10800.0 [s]
eBits/s: 1077.190184848559