eBits: 1.229284230133715E7
Total time elapsed: 10800.0 [s]
eBits/s: 1138.2261390126992