eBits: 6176268.180554579
Total time elapsed: 10800.0 [s]
eBits/s: 571.8766833846832