eBits: 9068529.36258941
Total time elapsed: 10800.0 [s]
eBits/s: 839.6786446842046