eBits: 1.1902648700714488E7
Total time elapsed: 10800.0 [s]
eBits/s: 1102.097101918008