eBits: 1.4783557721627839E7
Total time elapsed: 10800.0 [s]
eBits/s: 1368.847937187763