eBits: 1.29557665265892E7
Total time elapsed: 10800.0 [s]
eBits/s: 1199.6080117212223