eBits: 1.79717597399408E7
Total time elapsed: 10800.0 [s]
eBits/s: 1664.0518277722963