eBits: 1.719831488123233E7
Total time elapsed: 10800.0 [s]
eBits/s: 1592.4365630770674