eBits: 1.2612382366163306E7
Total time elapsed: 10800.0 [s]
eBits/s: 1167.813182052158