eBits: 1.0047493678936664E7
Total time elapsed: 10800.0 [s]
eBits/s: 930.3234887904318