eBits: 9140042.541855864
Total time elapsed: 10800.0 [s]
eBits/s: 846.3002353570245