eBits: 6526260.971874016
Total time elapsed: 10800.0 [s]
eBits/s: 604.2834233216681