eBits: 1.5279547872747105E7
Total time elapsed: 10800.0 [s]
eBits/s: 1414.7729511802875