eBits: 1.2612382904720295E7
Total time elapsed: 10800.0 [s]
eBits/s: 1167.8132319185459