eBits: 2.0934623860550202E7
Total time elapsed: 10800.0 [s]
eBits/s: 1938.3910981990928