eBits: 1.0486623406057904E7
Total time elapsed: 10800.0 [s]
eBits/s: 970.9836487090652